0000000000000000000000010000001000000000
0000000000000000000000000000000000000000
0000000000000000000000000000000000000000
0000000000000000100000000000000000000000
0000000000000000000000000000000000000000
0000000000000000000000000000000000010000
0000000000000000000000000000000000000000
0000000000000000000000000000000000000000
0000000000000000000000000000000010001000
0000000000000001000000100000000000000000
0000000000000000000000000000000000000000
1000000000000000000000000000000000100000
0010000000000000000000000000000000000000
0000000000000000000000000100000000000000
0000000000000000000000000000000000010000
0000000000000000000000000000000000000000
0000000010000000000000000000000000000000
0000000000000000000000000000000000000000
0000000001000000000000000000000000000000
0000000000000000000000000000000000000000
0000000000000000000000000000000000000000
0000000000000010000000000000000000000000
0000000000000000000000000000000000000000
0000000000000000000000000000000000000000
0000000000000000000000100000000000000000
0000000000000000000000000000000000000000
0000000000000000000000000000000000000000
0000000000000000000000000000000000000000
0000000000000000000000000000000000000000
0000000000000000000000000000000000000000